-1
-1.00975
-1.01929
-1.0284
-1.03689
-1.04456
-1.05124
-1.05675
-1.06098
-1.06379
-1.0651
-1.06482
-1.06292
-1.05937
-1.05417
-1.04735
-1.03895
-1.02902
-1.01766
-1.00495
-0.991002
-0.975925
-0.959843
-0.942881
-0.925167
-0.906828
-0.887989
-0.868773
-0.849296
-0.829667
-0.809991
-0.790362
-0.770868
-0.751586
-0.732586
-0.713931
-0.695673
-0.677859
-0.660528
-0.643711
-0.627437
-0.611725
-0.596595
-0.582058
-0.568126
-0.554805
-0.542101
-0.530019
-0.51856
-0.507727
-0.497519
-0.487938
-0.478983
-0.470652
-0.462944
-0.455855
-0.449381
-0.443515
-0.438249
-0.43357
-0.429464
-0.425911
-0.422888
-0.420364
-0.418304
-0.416666
-0.415399
-0.414448
-0.413745
-0.413216
-0.41278
-0.412345
-0.411811
-0.411073
-0.410016
-0.408522
-0.406466
-0.403722
-0.400162
-0.395659
-0.39009
-0.383337
-0.375288
-0.365845
-0.354921
-0.342445
-0.328364
-0.312643
-0.295271
-0.276259
-0.255641
-0.233476
-0.209848
-0.184862
-0.15865
-0.131359
-0.10316
-0.0742358
-0.0447849
-0.0150138
0.0148652
0.0446374
0.0740904
0.103017
0.131221
0.158516
0.184735
0.209727
0.233362
0.255534
0.27616
0.295181
0.312561
0.328289
0.342379
0.354863
0.365795
0.375245
0.3833
0.39006
0.395634
0.400142
0.403707
0.406454
0.408513
0.41001
0.411069
0.411808
0.412342
0.412778
0.413214
0.413742
0.414444
0.415394
0.416658
0.418295
0.420352
0.422874
0.425895
0.429445
0.433549
0.438224
0.443488
0.449351
0.455822
0.462907
0.470612
0.47894
0.487892
0.49747
0.507674
0.518505
0.52996
0.54204
0.55474
0.568058
0.581987
0.596521
0.611649
0.627357
0.643629
0.660443
0.677772
0.695584
0.713839
0.732493
0.75149
0.770771
0.790265
0.809893
0.829569
0.849198
0.868677
0.887895
0.906735
0.925077
0.942795
0.959761
0.975848
0.99093
1.00489
1.0176
1.02897
1.0389
1.04731
1.05414
1.05935
1.06291
1.06482
1.0651
1.0638
1.061
1.05678
1.05127
1.0446
1.03693
1.02845
1.01934
1.0098
1.00005
