-1
-0.990535
-0.981465
-0.973139
-0.965821
-0.959669
-0.954738
-0.950995
-0.948353
-0.946708
-0.945977
-0.94613
-0.947208
-0.949336
-0.952706
-0.957557
-0.964127
-0.97259
-0.982994
-0.995182
-1.00874
-1.02296
-1.03686
-1.04924
-1.05881
-1.0643
-1.06465
-1.05912
-1.04738
-1.02957
-1.0062
-0.978107
-0.946351
-0.912058
-0.876337
-0.840189
-0.804461
-0.769824
-0.73677
-0.705633
-0.676613
-0.6498
-0.625206
-0.602784
-0.582449
-0.564092
-0.547589
-0.532811
-0.519628
-0.507912
-0.497538
-0.488389
-0.480352
-0.473321
-0.467197
-0.461887
-0.457307
-0.453378
-0.450028
-0.447193
-0.444813
-0.442834
-0.441209
-0.439894
-0.438849
-0.438035
-0.437416
-0.436958
-0.436622
-0.436372
-0.436167
-0.435963
-0.435715
-0.435374
-0.434891
-0.434219
-0.433316
-0.432148
-0.430696
-0.428959
-0.426963
-0.424765
-0.42245
-0.420138
-0.417967
-0.416081
-0.41459
-0.41352
-0.412729
-0.411803
-0.409933
-0.405796
-0.39748
-0.38253
-0.358173
-0.321776
-0.271499
-0.207021
-0.130073
-0.0445305
0.0440922
0.129665
0.206666
0.271213
0.321561
0.358024
0.382434
0.397424
0.405767
0.40992
0.411797
0.412725
0.413516
0.414584
0.416072
0.417957
0.420126
0.422439
0.424753
0.426953
0.42895
0.430688
0.432142
0.433311
0.434216
0.434888
0.435372
0.435713
0.435962
0.436166
0.436371
0.436621
0.436956
0.437414
0.438031
0.438844
0.439888
0.441202
0.442825
0.444802
0.44718
0.450013
0.45336
0.457286
0.461863
0.467168
0.473288
0.480315
0.488347
0.49749
0.507857
0.519566
0.532741
0.547511
0.564005
0.582353
0.602677
0.625089
0.649672
0.676474
0.705484
0.73661
0.769655
0.804286
0.840009
0.876157
0.911883
0.946186
0.977958
1.00607
1.02947
1.04731
1.05907
1.06463
1.06431
1.05885
1.0493
1.03692
1.02303
1.00881
0.995246
0.98305
0.972637
0.964164
0.957586
0.952727
0.949349
0.947216
0.946133
0.945976
0.946702
0.948343
0.950979
0.954716
0.959642
0.965788
0.9731
0.981422
0.990489
0.999953
