-1
-1.00919
-1.01783
-1.02548
-1.03189
-1.037
-1.04087
-1.04366
-1.04555
-1.04669
-1.04719
-1.04709
-1.04635
-1.04486
-1.0424
-1.03868
-1.03333
-1.02597
-1.01639
-1.00469
-0.991514
-0.978067
-0.96585
-0.956167
-0.949687
-0.946423
-0.946227
-0.949494
-0.957532
-0.972107
-0.993974
-1.02095
-1.04694
-1.06323
-1.06201
-1.03984
-0.99873
-0.94456
-0.884325
-0.823957
-0.767421
-0.716783
-0.67273
-0.635114
-0.60337
-0.576777
-0.554596
-0.536146
-0.520822
-0.508106
-0.497557
-0.488807
-0.481549
-0.475526
-0.47053
-0.466385
-0.462949
-0.460104
-0.457753
-0.455817
-0.454229
-0.452935
-0.451891
-0.451057
-0.450401
-0.449896
-0.449514
-0.449233
-0.449028
-0.448875
-0.44875
-0.448626
-0.448476
-0.44827
-0.44798
-0.447578
-0.447043
-0.446357
-0.445516
-0.444527
-0.443412
-0.442212
-0.440979
-0.439778
-0.43868
-0.437748
-0.437026
-0.436516
-0.436143
-0.435711
-0.434853
-0.433027
-0.429647
-0.424518
-0.41856
-0.41408
-0.411484
-0.396139
-0.319765
-0.129368
0.128153
0.319121
0.395965
0.411463
0.414065
0.418531
0.424489
0.429626
0.433014
0.434847
0.435708
0.436141
0.436514
0.437023
0.437744
0.438675
0.439772
0.440973
0.442206
0.443406
0.444521
0.445511
0.446353
0.44704
0.447576
0.447978
0.448269
0.448475
0.448626
0.44875
0.448874
0.449027
0.449231
0.449513
0.449894
0.450398
0.451053
0.451886
0.45293
0.454222
0.455808
0.457743
0.460091
0.462934
0.466367
0.470507
0.475499
0.481516
0.488768
0.49751
0.508048
0.520753
0.536062
0.554496
0.576656
0.603226
0.634942
0.672527
0.716547
0.767153
0.823664
0.884021
0.94427
0.998487
1.03968
1.06196
1.06327
1.04705
1.02109
0.994099
0.972198
0.957587
0.94952
0.946234
0.946414
0.949663
0.956127
0.965795
0.978002
0.991446
1.00463
1.01634
1.02593
1.0333
1.03866
1.04239
1.04485
1.04634
1.04709
1.04719
1.0467
1.04556
1.04367
1.04088
1.03702
1.03192
1.02552
1.01787
1.00923
1.00005
