-1
-1.00866
-1.01654
-1.0231
-1.02821
-1.03197
-1.03463
-1.03643
-1.03761
-1.03829
-1.03859
-1.03853
-1.03809
-1.03718
-1.03563
-1.03314
-1.02929
-1.02351
-1.01526
-1.00444
-0.991991
-0.979882
-0.970095
-0.963458
-0.959634
-0.957901
-0.957802
-0.959528
-0.964327
-0.974929
-0.994299
-1.01927
-1.03844
-1.04647
-1.04598
-1.03394
-0.998795
-0.956971
-0.946558
-0.977728
-1.0508
-1.0446
-0.927243
-0.793684
-0.69185
-0.622593
-0.576388
-0.545194
-0.523689
-0.508524
-0.497594
-0.489558
-0.483542
-0.478968
-0.475443
-0.472695
-0.470533
-0.46882
-0.467455
-0.466364
-0.465492
-0.464796
-0.464243
-0.463808
-0.46347
-0.463211
-0.463017
-0.462874
-0.462771
-0.462694
-0.462631
-0.462569
-0.462494
-0.462391
-0.462247
-0.462049
-0.461786
-0.461452
-0.461047
-0.460577
-0.460056
-0.459505
-0.458949
-0.458417
-0.457939
-0.457539
-0.457234
-0.45702
-0.456864
-0.456685
-0.456334
-0.455601
-0.454298
-0.452448
-0.450481
-0.449125
-0.448384
-0.444628
-0.436717
-0.413871
0.413751
0.436697
0.444591
0.448379
0.449121
0.450473
0.452438
0.45429
0.455596
0.456332
0.456684
0.456864
0.457019
0.457232
0.457538
0.457937
0.458414
0.458946
0.459502
0.460054
0.460575
0.461045
0.46145
0.461784
0.462047
0.462246
0.462391
0.462494
0.462569
0.462631
0.462694
0.46277
0.462874
0.463016
0.46321
0.463468
0.463806
0.464241
0.464793
0.465488
0.466359
0.467449
0.468812
0.470524
0.472683
0.475428
0.478948
0.483516
0.489523
0.497548
0.50846
0.5236
0.545066
0.576201
0.622314
0.691432
0.793087
0.926547
1.04423
1.05109
0.978033
0.946592
0.956829
0.998565
1.03383
1.04596
1.04649
1.0385
1.01939
0.994416
0.975003
0.964363
0.959543
0.957805
0.957897
0.959621
0.963433
0.970054
0.979826
0.991928
1.00438
1.01521
1.02348
1.02927
1.03313
1.03562
1.03717
1.03808
1.03853
1.03859
1.0383
1.03761
1.03644
1.03464
1.03198
1.02823
1.02313
1.01657
1.00871
1.00004
