1.22465e-16
0.0315678
0.0631041
0.0945775
0.125957
0.15721
0.188307
0.219216
0.249907
0.280348
0.310511
0.340363
0.369876
0.399021
0.427768
0.456089
0.483955
0.511338
0.538212
0.564549
0.590324
0.61551
0.640083
0.664018
0.68729
0.709878
0.731758
0.752909
0.773309
0.792939
0.811778
0.829808
0.847011
0.863369
0.878867
0.893489
0.90722
0.920047
0.931957
0.942938
0.952979
0.962071
0.970203
0.977368
0.983559
0.988769
0.992994
0.99623
0.998472
0.999719
0.999969
0.999223
0.997481
0.994744
0.991016
0.9863
0.980601
0.973925
0.966277
0.957667
0.948102
0.937592
0.926147
0.91378
0.900501
0.886325
0.871265
0.855337
0.838556
0.82094
0.802505
0.78327
0.763255
0.742479
0.720962
0.698727
0.675796
0.652191
0.627936
0.603055
0.577573
0.551515
0.524907
0.497776
0.470149
0.442054
0.413518
0.384569
0.355237
0.325552
0.295541
0.265236
0.234667
0.203864
0.172857
0.141679
0.110359
0.0789289
0.0474203
0.0158644
-0.0157073
-0.0472634
-0.0787723
-0.110203
-0.141523
-0.172703
-0.20371
-0.234514
-0.265085
-0.295391
-0.325403
-0.355091
-0.384424
-0.413375
-0.441913
-0.470011
-0.49764
-0.524774
-0.551384
-0.577444
-0.60293
-0.627814
-0.652072
-0.67568
-0.698615
-0.720854
-0.742374
-0.763154
-0.783173
-0.802411
-0.82085
-0.838471
-0.855256
-0.871188
-0.886252
-0.900433
-0.913716
-0.926088
-0.937537
-0.948052
-0.957622
-0.966237
-0.973889
-0.98057
-0.986274
-0.990995
-0.994728
-0.997469
-0.999217
-0.999968
-0.999722
-0.99848
-0.996243
-0.993013
-0.988793
-0.983587
-0.977401
-0.970241
-0.962113
-0.953027
-0.942991
-0.932014
-0.920109
-0.907286
-0.89356
-0.878942
-0.863448
-0.847094
-0.829895
-0.81187
-0.793034
-0.773409
-0.753012
-0.731865
-0.709989
-0.687404
-0.664135
-0.640204
-0.615634
-0.590451
-0.564679
-0.538344
-0.511473
-0.484092
-0.456228
-0.42791
-0.399165
-0.370022
-0.340511
-0.31066
-0.280499
-0.250059
-0.219369
-0.188461
-0.157365
-0.126112
-0.0947338
-0.0632608
-0.0317248
-0.00015708
