1.22465e-16
0.029731
0.0581955
0.0842847
0.10717
0.126364
0.141716
0.153346
0.161542
0.16664
0.168903
0.168431
0.16509
0.158495
0.148031
0.132942
0.112461
0.0860043
0.0534011
0.0151368
-0.0274471
-0.0720589
-0.11553
-0.154077
-0.183699
-0.200626
-0.2017
-0.184654
-0.148314
-0.0927623
-0.0194645
0.0687236
0.167746
0.272775
0.3788
0.481234
0.576389
0.661727
0.735877
0.798489
0.849982
0.891292
0.923632
0.948318
0.966641
0.979798
0.988845
0.994692
0.998099
0.999691
0.99997
0.999335
0.998096
0.99649
0.994695
0.99284
0.991019
0.989293
0.987702
0.98627
0.985008
0.983917
0.982992
0.982225
0.981603
0.981112
0.980734
0.980451
0.980244
0.980088
0.979959
0.979832
0.979676
0.97946
0.979153
0.978723
0.978136
0.977367
0.976391
0.975198
0.973791
0.972197
0.970469
0.968691
0.966975
0.965448
0.964217
0.96332
0.96265
0.961858
0.960235
0.956525
0.94858
0.932673
0.902369
0.847304
0.753216
0.605485
0.397358
0.139441
-0.138077
-0.39618
-0.604598
-0.752625
-0.846945
-0.902167
-0.932565
-0.948525
-0.956498
-0.960223
-0.961853
-0.962647
-0.963316
-0.964212
-0.965441
-0.966967
-0.968682
-0.97046
-0.972189
-0.973784
-0.975192
-0.976386
-0.977362
-0.978133
-0.97872
-0.979152
-0.979459
-0.979675
-0.979831
-0.979959
-0.980087
-0.980243
-0.98045
-0.980732
-0.981109
-0.9816
-0.982222
-0.982988
-0.983912
-0.985002
-0.986264
-0.987695
-0.989285
-0.99101
-0.992831
-0.994685
-0.996481
-0.998088
-0.99933
-0.999969
-0.999695
-0.998111
-0.994715
-0.988881
-0.979852
-0.966719
-0.948424
-0.923773
-0.891474
-0.850212
-0.798772
-0.736217
-0.662124
-0.576839
-0.481728
-0.379322
-0.273304
-0.168258
-0.0691932
0.0190597
0.0924397
0.148084
0.184521
0.201662
0.200673
0.183817
0.154249
0.115738
0.072281
0.0276664
-0.0149341
-0.053224
-0.0858572
-0.112345
-0.132854
-0.147968
-0.158453
-0.165066
-0.168422
-0.168908
-0.166658
-0.161575
-0.153395
-0.141783
-0.12645
-0.107275
-0.084407
-0.058332
-0.0298768
-0.000148993
