1.22465e-16
0.0280236
0.0538929
0.0760643
0.0938789
0.107444
0.117316
0.124195
0.128728
0.131415
0.132576
0.132335
0.130609
0.127072
0.121116
0.111783
0.0977498
0.0774603
0.0496391
0.0143341
-0.0258949
-0.0658957
-0.0999497
-0.124609
-0.139676
-0.146775
-0.147189
-0.140106
-0.121282
-0.0828589
-0.0184127
0.0630512
0.131985
0.165641
0.163449
0.114735
-0.00388615
-0.150668
-0.199885
-0.0732167
0.186132
0.465833
0.684643
0.826808
0.910022
0.955848
0.979973
0.992039
0.997576
0.999659
0.999971
0.999424
0.998507
0.997477
0.996463
0.995528
0.994696
0.993972
0.993353
0.99283
0.992393
0.992032
0.991737
0.9915
0.991312
0.991167
0.991057
0.990976
0.990917
0.990872
0.990836
0.9908
0.990757
0.990697
0.990612
0.990495
0.990338
0.990136
0.989888
0.989594
0.989262
0.988902
0.98853
0.988167
0.987833
0.98755
0.987329
0.987173
0.987059
0.986927
0.986664
0.986104
0.985064
0.98349
0.98168
0.980343
0.97958
0.975323
0.963676
0.842051
-0.83875
-0.963641
-0.975277
-0.979574
-0.980338
-0.981672
-0.983481
-0.985058
-0.9861
-0.986662
-0.986926
-0.987059
-0.987173
-0.987328
-0.987548
-0.987832
-0.988165
-0.988529
-0.9889
-0.98926
-0.989593
-0.989887
-0.990135
-0.990337
-0.990494
-0.990612
-0.990696
-0.990756
-0.9908
-0.990836
-0.990872
-0.990916
-0.990976
-0.991057
-0.991167
-0.991312
-0.991499
-0.991736
-0.99203
-0.992391
-0.992827
-0.99335
-0.993969
-0.994692
-0.995524
-0.996458
-0.997472
-0.998502
-0.99942
-0.99997
-0.999664
-0.997593
-0.992079
-0.980057
-0.956012
-0.910327
-0.827348
-0.685532
-0.46711
-0.187568
0.0721738
0.199704
0.151264
0.0046294
-0.114326
-0.163343
-0.165716
-0.132247
-0.0634534
0.0180318
0.0826044
0.121147
0.140046
0.147174
0.146793
0.13973
0.124707
0.100097
0.0660841
0.0260995
-0.0141428
-0.049481
-0.0773412
-0.0976656
-0.111726
-0.121079
-0.127049
-0.130596
-0.132331
-0.132578
-0.131424
-0.128745
-0.124223
-0.117357
-0.107502
-0.0939566
-0.0761639
-0.0540133
-0.0281592
-0.000141324
