1.22465e-16
-0.028862
-0.0559767
-0.0799637
-0.100027
-0.115968
-0.128039
-0.136737
-0.142618
-0.146167
-0.147716
-0.147394
-0.145097
-0.140456
-0.132812
-0.121219
-0.104509
-0.0815064
-0.0514665
-0.0147296
0.0266576
0.0688509
0.107079
0.137269
0.157406
0.167525
0.16813
0.158005
0.133022
0.0875167
0.0189306
-0.0657782
-0.146926
-0.197333
-0.19359
-0.124839
0.00399044
0.17329
0.355459
0.525289
0.667368
0.776916
0.856345
0.911256
0.947731
0.971052
0.985327
0.99356
0.997861
0.999676
0.999971
0.999382
0.99832
0.997046
0.995717
0.994429
0.993233
0.992156
0.991205
0.990382
0.989679
0.989089
0.9886
0.988202
0.987885
0.987637
0.987448
0.987308
0.987206
0.987129
0.987066
0.987004
0.986928
0.986824
0.986676
0.98647
0.986192
0.985833
0.985387
0.984853
0.984239
0.983565
0.982859
0.982156
0.981502
0.980937
0.980494
0.980177
0.979944
0.979673
0.979129
0.977947
0.975675
0.972015
0.967448
0.963791
0.961584
0.947238
0.843931
0.395326
-0.391817
-0.842844
-0.947063
-0.961566
-0.963778
-0.967425
-0.971994
-0.97566
-0.977939
-0.979125
-0.979671
-0.979943
-0.980176
-0.980492
-0.980934
-0.981499
-0.982153
-0.982855
-0.983562
-0.984236
-0.98485
-0.985384
-0.985831
-0.986191
-0.986469
-0.986675
-0.986823
-0.986928
-0.987004
-0.987066
-0.987129
-0.987205
-0.987308
-0.987448
-0.987636
-0.987883
-0.988201
-0.988598
-0.989086
-0.989676
-0.990378
-0.991201
-0.992151
-0.993228
-0.994423
-0.995711
-0.997039
-0.998314
-0.999377
-0.999969
-0.99968
-0.997875
-0.993589
-0.985381
-0.971142
-0.947876
-0.911478
-0.856673
-0.777382
-0.667994
-0.526072
-0.356352
-0.174189
-0.00475376
0.124336
0.193412
0.197464
0.147276
0.0662118
-0.0185379
-0.0872318
-0.132851
-0.157922
-0.168109
-0.167551
-0.157481
-0.137395
-0.107252
-0.0690549
-0.0268693
0.0145328
0.0512994
0.0813747
0.104411
0.12115
0.132765
0.140426
0.14508
0.147388
0.147719
0.146179
0.142641
0.136772
0.12809
0.116037
0.100117
0.0800736
0.0561047
0.0290026
0.000145108
