1.22465e-16
-0.0306324
-0.060565
-0.0891162
-0.115639
-0.139536
-0.160266
-0.177358
-0.190405
-0.19907
-0.203083
-0.202237
-0.196385
-0.185438
-0.169368
-0.148206
-0.122047
-0.0910526
-0.055454
-0.0155559
0.0282648
0.0755609
0.125822
0.178482
0.232935
0.288547
0.344674
0.400683
0.455961
0.509941
0.562107
0.612008
0.659265
0.703575
0.744713
0.782526
0.816932
0.847913
0.875507
0.899801
0.920923
0.939031
0.954308
0.966955
0.977184
0.985215
0.991266
0.995556
0.998301
0.999705
0.99997
0.999282
0.997821
0.995753
0.993231
0.990399
0.987382
0.984297
0.981242
0.978302
0.975548
0.973034
0.970799
0.968867
0.967244
0.965925
0.964888
0.964098
0.963509
0.963064
0.962694
0.962323
0.961866
0.961229
0.960308
0.958988
0.957137
0.954605
0.951214
0.946754
0.940977
0.933584
0.924225
0.912493
0.897919
0.879981
0.858114
0.831719
0.800196
0.762969
0.719526
0.669464
0.612529
0.548662
0.478032
0.401063
0.318442
0.23111
0.140232
0.0471496
-0.0466834
-0.139773
-0.230666
-0.318018
-0.400665
-0.477664
-0.548327
-0.612228
-0.669198
-0.719294
-0.762768
-0.800025
-0.831575
-0.857994
-0.879883
-0.897838
-0.912428
-0.924173
-0.933543
-0.940944
-0.946729
-0.951194
-0.95459
-0.957126
-0.95898
-0.960303
-0.961225
-0.961863
-0.962321
-0.962692
-0.963062
-0.963507
-0.964095
-0.964883
-0.965919
-0.967237
-0.968858
-0.970789
-0.973023
-0.975535
-0.978288
-0.981227
-0.984281
-0.987367
-0.990384
-0.993218
-0.995741
-0.997812
-0.999277
-0.999968
-0.999709
-0.998311
-0.995574
-0.991291
-0.985249
-0.97723
-0.967012
-0.954377
-0.939114
-0.921021
-0.899914
-0.875636
-0.848058
-0.817094
-0.782706
-0.74491
-0.703788
-0.659493
-0.612249
-0.562361
-0.510206
-0.456234
-0.40096
-0.344954
-0.288825
-0.233209
-0.178749
-0.126078
-0.0758041
-0.0284919
0.0153472
0.0552659
0.0908867
0.121905
0.148088
0.169275
0.185371
0.196343
0.20222
0.203091
0.199102
0.190459
0.177433
0.160361
0.139647
0.115765
0.0892537
0.060711
0.0307836
0.000152983
