-1
-0.98995
-0.9799
-0.96985
-0.9598
-0.94975
-0.9397
-0.92965
-0.9196
-0.90955
-0.8995
-0.88945
-0.8794
-0.86935
-0.8593
-0.84925
-0.8392
-0.82915
-0.8191
-0.80905
-0.799
-0.78895
-0.7789
-0.76885
-0.7588
-0.74875
-0.7387
-0.72865
-0.7186
-0.70855
-0.6985
-0.68845
-0.6784
-0.66835
-0.6583
-0.64825
-0.6382
-0.62815
-0.6181
-0.60805
-0.598
-0.58795
-0.5779
-0.56785
-0.5578
-0.54775
-0.5377
-0.52765
-0.5176
-0.50755
-0.4975
-0.48745
-0.4774
-0.46735
-0.4573
-0.44725
-0.4372
-0.42715
-0.4171
-0.40705
-0.397
-0.38695
-0.3769
-0.36685
-0.3568
-0.34675
-0.3367
-0.32665
-0.3166
-0.30655
-0.2965
-0.28645
-0.2764
-0.26635
-0.2563
-0.24625
-0.2362
-0.22615
-0.2161
-0.20605
-0.196
-0.18595
-0.1759
-0.16585
-0.1558
-0.14575
-0.1357
-0.12565
-0.1156
-0.10555
-0.0955
-0.08545
-0.0754
-0.06535
-0.0553
-0.04525
-0.0352
-0.02515
-0.0151
-0.00505
0.005
0.01505
0.0251
0.03515
0.0452
0.05525
0.0653
0.07535
0.0854
0.09545
0.1055
0.11555
0.1256
0.13565
0.1457
0.15575
0.1658
0.17585
0.1859
0.19595
0.206
0.21605
0.2261
0.23615
0.2462
0.25625
0.2663
0.27635
0.2864
0.29645
0.3065
0.31655
0.3266
0.33665
0.3467
0.35675
0.3668
0.37685
0.3869
0.39695
0.407
0.41705
0.4271
0.43715
0.4472
0.45725
0.4673
0.47735
0.4874
0.49745
0.5075
0.51755
0.5276
0.53765
0.5477
0.55775
0.5678
0.57785
0.5879
0.59795
0.608
0.61805
0.6281
0.63815
0.6482
0.65825
0.6683
0.67835
0.6884
0.69845
0.7085
0.71855
0.7286
0.73865
0.7487
0.75875
0.7688
0.77885
0.7889
0.79895
0.809
0.81905
0.8291
0.83915
0.8492
0.85925
0.8693
0.87935
0.8894
0.89945
0.9095
0.91955
0.9296
0.93965
0.9497
0.95975
0.9698
0.97985
0.9899
0.99995
