-1
-0.991079
-0.982837
-0.975765
-0.970073
-0.965733
-0.962571
-0.960365
-0.958911
-0.958048
-0.957675
-0.957752
-0.958307
-0.959442
-0.961353
-0.964344
-0.968836
-0.975319
-0.984193
-0.995437
-1.00824
-1.02099
-1.03187
-1.03977
-1.04461
-1.04689
-1.04702
-1.04474
-1.0387
-1.02641
-1.00586
-0.979917
-0.957865
-0.947031
-0.947738
-0.963398
-1.00124
-1.04814
-1.06406
-1.02333
-0.940405
-0.845755
-0.759958
-0.690154
-0.636065
-0.59494
-0.563812
-0.540192
-0.522166
-0.50831
-0.497576
-0.489196
-0.482604
-0.477383
-0.473221
-0.469885
-0.467201
-0.465032
-0.463278
-0.461859
-0.460712
-0.45979
-0.459052
-0.458468
-0.458012
-0.457662
-0.457399
-0.457205
-0.457064
-0.45696
-0.456874
-0.45679
-0.456687
-0.456547
-0.456349
-0.456077
-0.455716
-0.455255
-0.454694
-0.45404
-0.453311
-0.452533
-0.451744
-0.450984
-0.450296
-0.449718
-0.449275
-0.448963
-0.448736
-0.448474
-0.447957
-0.446872
-0.444917
-0.442079
-0.438977
-0.436782
-0.435563
-0.429138
-0.413943
-0.318652
0.316713
0.413901
0.429073
0.435553
0.436775
0.438963
0.442063
0.444905
0.446865
0.447954
0.448472
0.448734
0.448961
0.449273
0.449716
0.450293
0.45098
0.45174
0.452529
0.453307
0.454037
0.454691
0.455253
0.455714
0.456076
0.456348
0.456546
0.456687
0.456789
0.456874
0.456959
0.457064
0.457204
0.457397
0.45766
0.45801
0.458465
0.459049
0.459786
0.460707
0.461853
0.463271
0.465023
0.467189
0.469871
0.473202
0.47736
0.482575
0.489159
0.497529
0.508249
0.522088
0.54009
0.563678
0.594763
0.63583
0.689848
0.75957
0.845295
0.93994
1.02299
1.064
1.04833
1.00147
0.963529
0.947772
0.947006
0.957781
0.979789
1.00574
1.02632
1.03866
1.04473
1.04702
1.0469
1.04462
1.0398
1.03192
1.02105
1.00831
0.995498
0.984243
0.975357
0.968862
0.964362
0.961365
0.959449
0.958311
0.957754
0.957674
0.958045
0.958905
0.960356
0.962558
0.965715
0.970049
0.975733
0.982799
0.991035
0.999955
